1 166.667
2 166.667
2 166.667
3 166.667
3 166.667
3 166.667
3 166.667
3 166.667
3 166.667
3 166.667
3 166.667
3 166.667
3 166.667
4 166.667
4 166.667
4 166.667
4 166.667
4 166.667
5 166.667
5 166.667
5 166.667
5 166.667
5 166.667
5 166.667
5 166.667
5 166.667
5 166.667
5 166.667
5 166.667
5 166.667
5 166.667
5 166.667
5 166.667
5 166.667
5 166.667
5 166.667
5 166.667
5 166.667
5 166.667
5 166.667
5 166.667
5 166.667
5 166.667
5 166.667
5 166.667
5 166.667
5 166.667
5 166.667
5 166.667
5 166.667
5 166.667
5 166.667
5 166.667
5 166.667
5 166.667
5 166.667
5 166.667
5 166.667
5 166.667
5 166.667
5 166.667
5 166.667
5 166.667
5 166.667
5 166.667
5 166.667
5 166.667
5 166.667
5 166.667
5 166.667
5 166.667
5 166.667
5 166.667
5 166.667
5 166.667
5 166.667
5 166.667
5 166.667
5 166.667
5 166.667
5 166.667
5 166.667
5 166.667
5 166.667
5 166.667
5 166.667
6 166.667
6 166.667
6 166.667
6 166.667
6 166.667
7 166.667
7 166.667
7 166.667
7 166.667
7 166.667
7 166.667
7 166.667
8 166.667
8 166.667
8 166.667
8 166.667
8 166.667
8 166.667
8 166.667
8 166.667
8 166.667
9 166.667
9 166.667
9 166.667
9 166.667
9 166.667
9 166.667
9 166.667
10 166.667
10 166.667
10 166.667
10 166.667
10 166.667
11 166.667
11 166.667
11 166.667
11 166.667
11 166.667
11 166.667
11 166.667
11 166.667
11 166.667
11 166.667
11 166.667
11 166.667
11 166.667
11 166.667
12 166.667
12 166.667
12 166.667
12 166.667
12 166.667
12 166.667
12 166.667
13 166.667
13 166.667
13 166.667
13 166.667
13 166.667
13 166.667
13 166.667
13 166.667
13 166.667
13 166.667
14 166.667
14 166.667
14 166.667
14 166.667
14 166.667
14 166.667
14 166.667
14 166.667
14 166.667
14 166.667
14 166.667
15 166.667
15 166.667
15 166.667
15 166.667
15 166.667
15 166.667
15 166.667
15 166.667
15 166.667
16 166.667
16 166.667
16 166.667
16 166.667
16 166.667
17 166.667
17 166.667
17 166.667
17 166.667
17 166.667
17 166.667
18 166.667
18 166.667
18 166.667
18 166.667
18 166.667
19 166.667
19 166.667
19 166.667
19 166.667
20 166.667
20 166.667
20 166.667
20 166.667
20 166.667
20 166.667
21 166.667
21 166.667
21 166.667
21 166.667
21 166.667
22 166.667
22 166.667
22 166.667
22 166.667
22 166.667
23 166.667
23 166.667
23 166.667
23 166.667
23 166.667
23 166.667
23 166.667
24 166.667
24 166.667
24 166.667
24 166.667
25 166.667
25 166.667
25 166.667
25 166.667
26 166.667
26 166.667
26 166.667
26 166.667
26 166.667
26 166.667
26 166.667
26 166.667
26 166.667
26 166.667
26 166.667
27 166.667
27 166.667
27 166.667
27 166.667
27 166.667
27 166.667
27 166.667
27 166.667
27 166.667
27 166.667
28 166.667
28 166.667
28 166.667
28 166.667
28 166.667
29 166.667
29 166.667
29 166.667
29 166.667
30 166.667
30 166.667
30 166.667
30 166.667
30 166.667
31 166.667
31 166.667
31 166.667
31 166.667
31 166.667
31 166.667
31 166.667
31 166.667
31 166.667
31 166.667
31 166.667
31 166.667
31 166.667
31 166.667
31 166.667
31 166.667
31 166.667
31 166.667
32 166.667
32 166.667
32 166.667
32 166.667
32 166.667
32 166.667
32 166.667
33 166.667
33 166.667
33 166.667
33 166.667
34 166.667
34 166.667
34 166.667
34 166.667
34 166.667
34 166.667
35 166.667
35 166.667
35 166.667
35 166.667
35 166.667
36 166.667
36 166.667
36 166.667
36 166.667
36 166.667
37 166.667
37 166.667
37 166.667
37 166.667
37 166.667
37 166.667
37 166.667
38 166.667
38 166.667
38 166.667
38 166.667
38 166.667
38 166.667
38 166.667
38 166.667
38 166.667
38 166.667
38 166.667
39 166.667
39 166.667
39 166.667
39 166.667
39 166.667
39 166.667
39 166.667
40 166.667
40 166.667
40 166.667
40 166.667
40 166.667
40 166.667
40 166.667
41 166.667
41 166.667
41 166.667
41 166.667
42 166.667
42 166.667
42 166.667
42 166.667
42 166.667
43 166.667
43 166.667
43 166.667
43 166.667
43 166.667
43 166.667
43 166.667
44 166.667
44 166.667
44 166.667
44 166.667
44 166.667
44 166.667
44 166.667
45 166.667
45 166.667
45 166.667
45 166.667
45 166.667
46 166.667
46 166.667
46 166.667
46 166.667
46 166.667
46 166.667
47 166.667
47 166.667
47 166.667
47 166.667
47 166.667
47 166.667
47 166.667
48 166.667
48 166.667
48 166.667
48 166.667
48 166.667
49 166.667
49 166.667
49 166.667
49 166.667
49 166.667
49 166.667
49 166.667
49 166.667
49 166.667
50 166.667
50 166.667
50 166.667
50 166.667
51 166.667
51 166.667
51 166.667
51 166.667
51 166.667
52 166.667
52 166.667
52 166.667
52 166.667
52 166.667
52 166.667
53 166.667
53 166.667
53 166.667
53 166.667
53 166.667
53 166.667
53 166.667
53 166.667
53 166.667
53 166.667
54 166.667
54 166.667
54 166.667
54 166.667
54 166.667
55 166.667
55 166.667
55 166.667
55 166.667
56 166.667
56 166.667
56 166.667
56 166.667
56 166.667
57 166.667
57 166.667
57 166.667
57 166.667
57 166.667
57 166.667
58 166.667
58 166.667
58 166.667
58 166.667
58 166.667
58 166.667
58 166.667
58 166.667
59 166.667
59 166.667
59 166.667
59 166.667
59 166.667
59 166.667
59 166.667
60 166.667
60 166.667
60 166.667
60 166.667
60 166.667
61 166.667
61 166.667
61 166.667
61 166.667
61 166.667
61 166.667
61 166.667
61 166.667
61 166.667
61 166.667
61 166.667
61 166.667
61 166.667
61 166.667
61 166.667
61 166.667
61 166.667
61 166.667
61 166.667
61 166.667
61 166.667
61 166.667
61 166.667
61 166.667
61 166.667
61 166.667
61 166.667
61 166.667
61 166.667
61 166.667
61 166.667
61 166.667
61 166.667
61 166.667
61 166.667
61 166.667
61 166.667
61 166.667
61 166.667
61 166.667
61 166.667
61 166.667
61 166.667
61 166.667
61 166.667
61 166.667
61 166.667
61 166.667
61 166.667
61 166.667
61 166.667
61 166.667
61 166.667
61 166.667
61 166.667
61 166.667
61 166.667
61 166.667
61 166.667
61 166.667
61 166.667
61 166.667
61 166.667
61 166.667
61 166.667
61 166.667
61 166.667
61 166.667
61 166.667
61 166.667
61 166.667
61 166.667
61 166.667
61 166.667
61 166.667
61 166.667
61 166.667
61 166.667
61 166.667
61 166.667
61 166.667
61 166.667
61 166.667
61 166.667
61 166.667
61 166.667
61 166.667
61 166.667
61 166.667
61 166.667
61 166.667
61 166.667
61 166.667
61 166.667
61 166.667
61 166.667
61 166.667
61 166.667
61 166.667
61 166.667
61 166.667
61 166.667
61 166.667
61 166.667
61 166.667
61 166.667
61 166.667
61 166.667
61 166.667
61 166.667
61 166.667
61 166.667
62 166.667
62 166.667
62 166.667
62 166.667
62 166.667
62 166.667
62 166.667
62 166.667
63 166.667
63 166.667
63 166.667
63 166.667
63 166.667
63 166.667
63 166.667
64 166.667
64 166.667
65 166.667
65 166.667
65 166.667
65 166.667
65 166.667
65 166.667
65 166.667
66 166.667
66 166.667
66 166.667
66 166.667
66 166.667
66 166.667
67 166.667
67 166.667
67 166.667
67 166.667
67 166.667
67 166.667
68 166.667
68 166.667
68 166.667
68 166.667
68 166.667
68 166.667
69 166.667
69 166.667
69 166.667
69 166.667
69 166.667
70 166.667
70 166.667
70 166.667
70 166.667
70 166.667
70 166.667
71 166.667
71 166.667
71 166.667
71 166.667
71 166.667
72 166.667
72 166.667
72 166.667
72 166.667
72 166.667
73 166.667
73 166.667
73 166.667
73 166.667
73 166.667
74 166.667
74 166.667
75 166.667
75 166.667
75 166.667
75 166.667
75 166.667
75 166.667
75 166.667
75 166.667
75 166.667
75 166.667
75 166.667
75 166.667
75 166.667
75 166.667
75 166.667
75 166.667
75 166.667
75 166.667
75 166.667
75 166.667
75 166.667
75 166.667
75 166.667
75 166.667
75 166.667
75 166.667
75 166.667
75 166.667
76 166.667
76 166.667
76 166.667
76 166.667
76 166.667
76 166.667
77 166.667
77 166.667
77 166.667
77 166.667
77 166.667
78 166.667
78 166.667
78 166.667
78 166.667
78 166.667
78 166.667
78 166.667
78 166.667
79 166.667
79 166.667
79 166.667
79 166.667
79 166.667
79 166.667
79 166.667
79 166.667
79 166.667
79 166.667
79 166.667
79 166.667
79 166.667
79 166.667
79 166.667
79 166.667
79 166.667
79 166.667
79 166.667
79 166.667
79 166.667
79 166.667
79 166.667
79 166.667
79 166.667
79 166.667
79 166.667
79 166.667
79 166.667
79 166.667
79 166.667
79 166.667
79 166.667
79 166.667
79 166.667
79 166.667
79 166.667
79 166.667
79 166.667
80 166.667
80 166.667
80 166.667
80 166.667
80 166.667
81 166.667
81 166.667
81 166.667
81 166.667
81 166.667
81 166.667
82 166.667
82 166.667
82 166.667
82 166.667
82 166.667
83 166.667
83 166.667
83 166.667
83 166.667
83 166.667
83 166.667
83 166.667
84 166.667
84 166.667
84 166.667
84 166.667
84 166.667
84 166.667
84 166.667
84 166.667
84 166.667
85 166.667
85 166.667
85 166.667
85 166.667
86 166.667
86 166.667
86 166.667
86 166.667
86 166.667
86 166.667
86 166.667
86 166.667
86 166.667
86 166.667
86 166.667
86 166.667
86 166.667
86 166.667
86 166.667
86 166.667
86 166.667
86 166.667
86 166.667
87 166.667
87 166.667
87 166.667
87 166.667
87 166.667
87 166.667
87 166.667
87 166.667
87 166.667
87 166.667
87 166.667
87 166.667
87 166.667
87 166.667
87 166.667
87 166.667
87 166.667
87 166.667
87 166.667
87 166.667
87 166.667
87 166.667
87 166.667
87 166.667
87 166.667
87 166.667
87 166.667
87 166.667
88 166.667
88 166.667
88 166.667
88 166.667
88 166.667
88 166.667
89 166.667
89 166.667
89 166.667
89 166.667
89 166.667
89 166.667
89 166.667
90 166.667
90 166.667
90 166.667
90 166.667
90 166.667
90 166.667
91 166.667
91 166.667
91 166.667
91 166.667
91 166.667
91 166.667
91 166.667
92 166.667
92 166.667
92 166.667
92 166.667
92 166.667
92 166.667
92 166.667
92 166.667
92 166.667
93 166.667
93 166.667
93 166.667
93 166.667
93 166.667
93 166.667
93 166.667
94 166.667
94 166.667
94 166.667
94 166.667
94 166.667
94 166.667
95 166.667
95 166.667
95 166.667
95 166.667
95 166.667
95 166.667
95 166.667
96 166.667
96 166.667
97 166.667
97 166.667
97 166.667
97 166.667
97 166.667
97 166.667
98 166.667
98 166.667
98 166.667
98 166.667
98 166.667
98 166.667
98 166.667
99 166.667
99 166.667
99 166.667
99 166.667
99 166.667
99 166.667
99 166.667
100 166.667
100 166.667
100 166.667
100 166.667
101 166.667
101 166.667
101 166.667
101 166.667
101 166.667
101 166.667
101 166.667
101 166.667
102 166.667
102 166.667
102 166.667
102 166.667
103 166.667
103 166.667
103 166.667
103 166.667
103 166.667
104 166.667
104 166.667
104 166.667
104 166.667
104 166.667
104 166.667
104 166.667
104 166.667
105 166.667
105 166.667
105 166.667
105 166.667
105 166.667
105 166.667
105 166.667
105 166.667
106 166.667
106 166.667
106 166.667
106 166.667
106 166.667
106 166.667
106 166.667
106 166.667
107 166.667
107 166.667
107 166.667
107 166.667
107 166.667
107 166.667
107 166.667
108 166.667
108 166.667
108 166.667
108 166.667
109 166.667
109 166.667
109 166.667
109 166.667
109 166.667
109 166.667
109 166.667
109 166.667
110 166.667
110 166.667
110 166.667
110 166.667
111 166.667
111 166.667
111 166.667
111 166.667
112 166.667
112 166.667
112 166.667
112 166.667
113 166.667
113 166.667
113 166.667
113 166.667
113 166.667
114 166.667
114 166.667
114 166.667
114 166.667
114 166.667
114 166.667
114 166.667
115 166.667
115 166.667
115 166.667
115 166.667
115 166.667
116 166.667
116 166.667
116 166.667
116 166.667
116 166.667
117 166.667
117 166.667
117 166.667
117 166.667
117 166.667
118 166.667
118 166.667
118 166.667
118 166.667
119 166.667
119 166.667
119 166.667
119 166.667
120 166.667
120 166.667
120 166.667
120 166.667
121 166.667
121 166.667
121 166.667
121 166.667
121 166.667
121 166.667
121 166.667
121 166.667
121 166.667
122 166.667
122 166.667
122 166.667
122 166.667
123 166.667
123 166.667
123 166.667
123 166.667
123 166.667
123 166.667
123 166.667
123 166.667
123 166.667
124 166.667
124 166.667
124 166.667
124 166.667
125 166.667
125 166.667
125 166.667
125 166.667
125 166.667
125 166.667
125 166.667
125 166.667
125 166.667
126 166.667
126 166.667
126 166.667
126 166.667
127 166.667
127 166.667
127 166.667
127 166.667
127 166.667
127 166.667
127 166.667
127 166.667
128 166.667
128 166.667
128 166.667
128 166.667
129 166.667
129 166.667
129 166.667
129 166.667
130 166.667
130 166.667
130 166.667
130 166.667
130 166.667
131 166.667
131 166.667
131 166.667
131 166.667
131 166.667
132 166.667
132 166.667
132 166.667
132 166.667
133 166.667
133 166.667
133 166.667
133 166.667
133 166.667
133 166.667
133 166.667
133 166.667
133 166.667
134 166.667
134 166.667
134 166.667
134 166.667
135 166.667
135 166.667
135 166.667
135 166.667
135 166.667
136 166.667
136 166.667
136 166.667
136 166.667
137 166.667
137 166.667
137 166.667
137 166.667
137 166.667
138 166.667
138 166.667
138 166.667
138 166.667
139 166.667
139 166.667
139 166.667
139 166.667
140 166.667
140 166.667
140 166.667
140 166.667
141 166.667
141 166.667
141 166.667
141 166.667
142 166.667
142 166.667
142 166.667
142 166.667
143 166.667
143 166.667
143 166.667
143 166.667
143 166.667
143 166.667
144 166.667
144 166.667
144 166.667
144 166.667
144 166.667
144 166.667
145 166.667
145 166.667
145 166.667
145 166.667
145 166.667
145 166.667
146 166.667
146 166.667
146 166.667
146 166.667
147 166.667
147 166.667
147 166.667
147 166.667
148 166.667
148 166.667
148 166.667
148 166.667
148 166.667
148 166.667
148 166.667
148 166.667
149 166.667
149 166.667
149 166.667
149 166.667
150 166.667
150 166.667
150 166.667
150 166.667
150 166.667
151 166.667
151 166.667
151 166.667
151 166.667
152 166.667
152 166.667
152 166.667
152 166.667
152 166.667
153 166.667
153 166.667
153 166.667
153 166.667
154 166.667
154 166.667
154 166.667
154 166.667
154 166.667
155 166.667
155 166.667
155 166.667
155 166.667
155 166.667
155 166.667
155 166.667
155 166.667
155 166.667
156 166.667
156 166.667
156 166.667
156 166.667
156 166.667
157 166.667
157 166.667
157 166.667
157 166.667
158 166.667
158 166.667
158 166.667
158 166.667
159 166.667
159 166.667
159 166.667
159 166.667
160 166.667
160 166.667
160 166.667
160 166.667
160 166.667
160 166.667
160 166.667
161 166.667
161 166.667
161 166.667
161 166.667
161 166.667
162 166.667
162 166.667
162 166.667
162 166.667
162 166.667
162 166.667
162 166.667
162 166.667
163 166.667
163 166.667
163 166.667
163 166.667
164 166.667
164 166.667
164 166.667
165 166.667
165 166.667
165 166.667
165 166.667
166 166.667
166 166.667
166 166.667
166 166.667
166 166.667
167 166.667
167 166.667
167 166.667
167 333.333
168 333.333
168 333.333
168 333.333
168 333.333
169 333.333
169 333.333
169 333.333
169 333.333
170 333.333
170 333.333
170 333.333
170 333.333
171 333.333
171 333.333
171 333.333
171 333.333
171 333.333
172 333.333
172 333.333
172 333.333
172 333.333
172 333.333
173 333.333
173 333.333
173 333.333
173 333.333
174 333.333
174 333.333
174 333.333
174 333.333
174 333.333
174 333.333
174 333.333
174 333.333
175 333.333
175 333.333
175 333.333
175 333.333
176 333.333
176 333.333
176 333.333
176 333.333
176 333.333
176 333.333
176 333.333
176 333.333
176 333.333
176 333.333
176 333.333
176 333.333
176 333.333
176 333.333
176 333.333
176 333.333
176 333.333
176 333.333
176 333.333
177 333.333
177 333.333
177 333.333
178 333.333
178 333.333
178 333.333
178 333.333
178 333.333
179 333.333
179 333.333
179 333.333
179 333.333
179 333.333
180 333.333
180 333.333
180 333.333
180 333.333
180 333.333
181 333.333
181 333.333
181 333.333
182 333.333
182 333.333
182 333.333
182 333.333
182 333.333
182 333.333
182 333.333
182 333.333
182 333.333
182 333.333
182 333.333
183 333.333
183 333.333
183 333.333
183 333.333
183 333.333
183 333.333
183 333.333
183 333.333
183 333.333
183 333.333
183 333.333
183 333.333
183 333.333
183 333.333
183 333.333
183 333.333
183 333.333
183 333.333
183 333.333
183 333.333
183 333.333
183 333.333
183 333.333
183 333.333
183 333.333
183 333.333
183 333.333
183 333.333
183 333.333
183 333.333
183 333.333
183 333.333
183 333.333
183 333.333
183 333.333
183 333.333
183 333.333
184 333.333
184 333.333
184 333.333
184 333.333
184 333.333
184 333.333
184 333.333
184 333.333
185 333.333
185 333.333
185 333.333
185 333.333
185 333.333
185 333.333
185 333.333
185 333.333
185 333.333
185 333.333
185 333.333
185 333.333
185 333.333
185 333.333
185 333.333
185 333.333
185 333.333
185 333.333
185 333.333
185 333.333
185 333.333
185 333.333
185 333.333
185 333.333
185 333.333
185 333.333
185 333.333
185 333.333
185 333.333
185 333.333
185 333.333
185 333.333
185 333.333
185 333.333
185 333.333
185 333.333
185 333.333
185 333.333
185 333.333
185 333.333
185 333.333
185 333.333
185 333.333
185 333.333
185 333.333
185 333.333
185 333.333
185 333.333
185 333.333
185 333.333
185 333.333
185 333.333
185 333.333
186 333.333
186 333.333
186 333.333
186 333.333
186 333.333
186 333.333
186 333.333
186 333.333
187 333.333
187 333.333
187 333.333
187 333.333
188 333.333
188 333.333
188 333.333
188 333.333
188 333.333
188 333.333
188 333.333
188 333.333
188 333.333
188 333.333
189 333.333
189 333.333
189 333.333
189 333.333
190 333.333
190 333.333
190 333.333
190 333.333
190 333.333
190 333.333
190 333.333
190 333.333
190 333.333
190 333.333
190 333.333
190 333.333
190 333.333
190 333.333
190 333.333
190 333.333
190 333.333
190 333.333
190 333.333
190 333.333
190 333.333
190 333.333
190 333.333
190 333.333
190 333.333
191 333.333
191 333.333
191 333.333
191 333.333
191 333.333
191 333.333
191 333.333
191 333.333
191 333.333
191 333.333
191 333.333
191 333.333
191 333.333
191 333.333
191 333.333
191 333.333
191 333.333
191 333.333
191 333.333
191 333.333
191 333.333
191 333.333
191 333.333
191 333.333
192 333.333
192 333.333
192 333.333
192 333.333
192 333.333
192 333.333
192 333.333
192 333.333
192 333.333
192 333.333
192 333.333
192 333.333
192 333.333
192 333.333
192 333.333
192 333.333
192 333.333
192 333.333
192 333.333
192 333.333
192 333.333
192 333.333
192 333.333
192 333.333
193 333.333
193 333.333
193 333.333
193 333.333
193 333.333
194 333.333
194 333.333
194 333.333
194 333.333
194 333.333
194 333.333
194 333.333
194 333.333
194 333.333
194 333.333
194 333.333
194 333.333
194 333.333
194 333.333
194 333.333
194 333.333
194 333.333
194 333.333
194 333.333
194 333.333
194 333.333
194 333.333
194 333.333
194 333.333
194 333.333
195 333.333
195 333.333
195 333.333
195 333.333
195 333.333
195 333.333
196 333.333
196 333.333
196 333.333
196 333.333
196 333.333
196 333.333
196 333.333
196 333.333
196 333.333
196 333.333
196 333.333
196 333.333
196 333.333
196 333.333
196 333.333
196 333.333
196 333.333
196 333.333
196 333.333
196 333.333
196 333.333
196 333.333
196 333.333
196 333.333
197 333.333
197 333.333
197 333.333
197 333.333
198 333.333
198 333.333
198 333.333
198 333.333
198 333.333
199 333.333
199 333.333
199 333.333
199 333.333
199 333.333
200 333.333
200 333.333
200 333.333
200 333.333
200 333.333
200 333.333
201 333.333
201 333.333
201 333.333
201 333.333
201 333.333
201 333.333
201 333.333
201 333.333
201 333.333
201 333.333
201 333.333
201 333.333
201 333.333
201 333.333
201 333.333
201 333.333
201 333.333
201 333.333
201 333.333
202 333.333
202 333.333
202 333.333
202 333.333
203 333.333
203 333.333
203 333.333
203 333.333
203 333.333
203 333.333
204 333.333
204 333.333
204 333.333
204 333.333
204 333.333
204 333.333
204 333.333
204 333.333
204 333.333
204 333.333
204 333.333
204 333.333
204 333.333
204 333.333
204 333.333
204 333.333
204 333.333
204 333.333
204 333.333
205 333.333
205 333.333
205 333.333
205 333.333
205 333.333
205 333.333
205 333.333
205 333.333
205 333.333
205 333.333
205 333.333
205 333.333
205 333.333
205 333.333
205 333.333
205 333.333
205 333.333
205 333.333
205 333.333
205 333.333
205 333.333
205 333.333
205 333.333
205 333.333
205 333.333
205 333.333
205 333.333
205 333.333
206 333.333
206 333.333
206 333.333
206 333.333
206 333.333
206 333.333
206 333.333
206 333.333
206 333.333
206 333.333
206 333.333
206 333.333
206 333.333
206 333.333
206 333.333
206 333.333
206 333.333
206 333.333
206 333.333
206 333.333
206 333.333
206 333.333
206 333.333
206 333.333
207 333.333
207 333.333
207 333.333
207 333.333
207 333.333
207 333.333
207 333.333
207 333.333
207 333.333
207 333.333
207 333.333
207 333.333
207 333.333
207 333.333
207 333.333
207 333.333
207 333.333
207 333.333
207 333.333
207 333.333
207 333.333
207 333.333
207 333.333
207 333.333
208 333.333
208 333.333
208 333.333
208 333.333
208 333.333
208 333.333
208 333.333
209 333.333
209 333.333
209 333.333
209 333.333
209 333.333
209 333.333
209 333.333
209 333.333
209 333.333
209 333.333
209 333.333
209 333.333
209 333.333
210 333.333
210 333.333
210 333.333
210 333.333
210 333.333
210 333.333
211 333.333
211 333.333
211 333.333
211 333.333
211 333.333
211 333.333
211 333.333
211 333.333
211 333.333
211 333.333
211 333.333
211 333.333
211 333.333
211 333.333
211 333.333
211 333.333
211 333.333
211 333.333
211 333.333
212 333.333
212 333.333
212 333.333
212 333.333
212 333.333
213 333.333
213 333.333
213 333.333
213 333.333
213 333.333
213 333.333
213 333.333
213 333.333
213 333.333
213 333.333
213 333.333
213 333.333
213 333.333
213 333.333
213 333.333
213 333.333
213 333.333
213 333.333
213 333.333
213 333.333
213 333.333
213 333.333
213 333.333
213 333.333
214 333.333
214 333.333
214 333.333
214 333.333
214 333.333
214 333.333
214 333.333
215 333.333
215 333.333
215 333.333
215 333.333
216 333.333
216 333.333
216 333.333
216 333.333
216 333.333
216 333.333
216 333.333
216 333.333
216 333.333
216 333.333
216 333.333
216 333.333
216 333.333
216 333.333
216 333.333
216 333.333
216 333.333
216 333.333
216 333.333
216 333.333
216 333.333
217 333.333
217 333.333
217 333.333
217 333.333
217 333.333
217 333.333
218 333.333
218 333.333
218 333.333
218 333.333
218 333.333
218 333.333
218 333.333
219 333.333
219 333.333
219 333.333
220 333.333
220 333.333
220 333.333
220 333.333
220 333.333
220 333.333
220 333.333
221 333.333
221 333.333
221 333.333
222 333.333
222 333.333
222 333.333
222 333.333
222 333.333
222 333.333
223 333.333
223 333.333
223 333.333
223 333.333
223 333.333
224 333.333
224 333.333
224 333.333
225 333.333
225 333.333
225 333.333
225 333.333
225 333.333
225 333.333
225 333.333
225 333.333
225 333.333
225 333.333
225 333.333
225 333.333
225 333.333
225 333.333
225 333.333
225 333.333
225 333.333
225 333.333
226 333.333
226 333.333
226 333.333
227 333.333
227 333.333
227 333.333
227 333.333
227 333.333
227 333.333
228 333.333
228 333.333
228 333.333
229 333.333
229 333.333
229 333.333
229 333.333
229 333.333
229 333.333
229 333.333
229 333.333
229 333.333
229 333.333
229 333.333
229 333.333
229 333.333
230 333.333
230 333.333
230 333.333
230 333.333
230 333.333
231 333.333
231 333.333
231 333.333
232 333.333
232 333.333
232 333.333
232 333.333
232 333.333
232 333.333
232 333.333
232 333.333
232 333.333
232 333.333
232 333.333
232 333.333
232 333.333
232 333.333
232 333.333
232 333.333
232 333.333
232 333.333
232 333.333
232 333.333
232 333.333
232 333.333
233 333.333
233 333.333
233 333.333
234 333.333
234 333.333
234 333.333
234 333.333
234 333.333
234 333.333
234 333.333
234 333.333
234 333.333
234 333.333
234 333.333
234 333.333
234 333.333
234 333.333
234 333.333
234 333.333
234 333.333
234 333.333
234 333.333
234 333.333
234 333.333
234 333.333
234 333.333
234 333.333
234 333.333
235 333.333
235 333.333
235 333.333
236 333.333
236 333.333
236 333.333
236 333.333
236 333.333
236 333.333
236 333.333
237 333.333
237 333.333
237 333.333
238 333.333
238 333.333
238 333.333
238 333.333
239 333.333
239 333.333
239 333.333
240 333.333
240 333.333
240 333.333
241 333.333
241 333.333
241 333.333
242 333.333
242 333.333
242 333.333
243 333.333
243 333.333
243 333.333
243 333.333
243 333.333
243 333.333
243 333.333
244 333.333
244 333.333
244 333.333
245 333.333
245 333.333
245 333.333
246 333.333
246 333.333
246 333.333
247 333.333
247 333.333
247 333.333
248 333.333
248 333.333
248 333.333
249 333.333
249 333.333
249 333.333
250 333.333
250 333.333
250 333.333
250 333.333
251 333.333
251 333.333
251 333.333
252 333.333
252 333.333
252 333.333
253 333.333
253 333.333
253 333.333
254 333.333
254 333.333
254 333.333
254 333.333
254 333.333
255 333.333
255 333.333
255 333.333
256 333.333
256 333.333
256 333.333
257 333.333
257 333.333
257 333.333
258 333.333
258 333.333
258 333.333
259 333.333
259 333.333
259 333.333
259 333.333
260 333.333
260 333.333
260 333.333
260 333.333
260 333.333
261 333.333
261 333.333
261 333.333
262 333.333
262 333.333
262 333.333
263 333.333
263 333.333
263 333.333
264 333.333
264 333.333
265 333.333
265 333.333
265 333.333
266 333.333
266 333.333
266 333.333
267 333.333
267 333.333
267 333.333
267 333.333
268 333.333
268 333.333
268 333.333
269 333.333
269 333.333
269 333.333
270 333.333
270 333.333
270 333.333
271 333.333
271 333.333
271 333.333
272 333.333
272 333.333
272 333.333
273 333.333
273 333.333
273 333.333
274 333.333
274 333.333
274 333.333
275 333.333
275 333.333
275 333.333
276 333.333
276 333.333
276 333.333
277 333.333
277 333.333
277 333.333
278 333.333
278 333.333
278 333.333
279 333.333
279 333.333
279 333.333
280 333.333
280 333.333
280 333.333
281 333.333
281 333.333
281 333.333
282 333.333
282 333.333
282 333.333
283 333.333
283 333.333
283 333.333
284 333.333
284 333.333
284 333.333
285 333.333
285 333.333
285 333.333
286 333.333
286 333.333
286 333.333
287 333.333
287 333.333
287 333.333
288 333.333
288 333.333
288 333.333
289 333.333
289 333.333
289 333.333
290 333.333
290 333.333
290 333.333
291 333.333
291 333.333
291 333.333
292 333.333
292 333.333
292 333.333
293 333.333
293 333.333
293 333.333
294 333.333
294 333.333
294 333.333
295 333.333
295 333.333
295 333.333
296 333.333
296 333.333
296 333.333
296 333.333
296 333.333
296 333.333
296 333.333
296 333.333
296 333.333
296 333.333
296 333.333
296 333.333
296 333.333
296 333.333
296 333.333
296 333.333
296 333.333
296 333.333
296 333.333
296 333.333
296 333.333
296 333.333
296 333.333
296 333.333
296 333.333
297 333.333
297 333.333
297 333.333
298 333.333
298 333.333
298 333.333
299 333.333
299 333.333
299 333.333
300 333.333
300 333.333
300 333.333
301 333.333
301 333.333
301 333.333
302 333.333
302 333.333
302 333.333
303 333.333
303 333.333
303 333.333
304 333.333
304 333.333
304 333.333
305 333.333
305 333.333
305 333.333
306 333.333
306 333.333
306 333.333
307 333.333
307 333.333
307 333.333
308 333.333
308 333.333
308 333.333
308 333.333
309 333.333
309 333.333
309 333.333
310 333.333
310 333.333
310 333.333
311 333.333
311 333.333
311 333.333
312 333.333
312 333.333
312 333.333
313 333.333
313 333.333
314 333.333
314 333.333
314 333.333
315 333.333
315 333.333
315 333.333
315 333.333
316 333.333
316 333.333
316 333.333
317 333.333
317 333.333
317 333.333
318 333.333
318 333.333
318 333.333
319 333.333
319 333.333
319 333.333
320 333.333
320 333.333
320 333.333
320 333.333
321 333.333
321 333.333
321 333.333
322 333.333
322 333.333
323 333.333
323 333.333
323 333.333
323 333.333
324 333.333
324 333.333
324 333.333
325 333.333
325 333.333
325 333.333
326 333.333
326 333.333
326 333.333
327 333.333
327 333.333
327 333.333
328 333.333
328 333.333
329 333.333
329 333.333
329 333.333
330 333.333
330 333.333
330 333.333
330 333.333
331 333.333
331 333.333
331 333.333
332 333.333
332 333.333
332 333.333
333 333.333
333 333.333
333 333.333
333 333.333
334 333.333
334 333.333
334 333.333
334 333.333
335 333.333
335 333.333
335 333.333
335 333.333
336 333.333
336 333.333
336 333.333
337 333.333
337 333.333
337 333.333
338 333.333
338 333.333
338 333.333
339 333.333
339 333.333
339 333.333
340 333.333
340 333.333
340 333.333
341 333.333
341 333.333
341 333.333
342 333.333
342 333.333
342 333.333
343 333.333
343 333.333
343 333.333
343 333.333
344 333.333
344 333.333
344 333.333
345 333.333
345 333.333
345 333.333
346 333.333
346 333.333
346 333.333
347 333.333
347 333.333
347 333.333
348 333.333
348 333.333
348 333.333
349 333.333
349 333.333
349 333.333
350 333.333
350 333.333
350 333.333
350 333.333
351 333.333
351 333.333
351 333.333
352 333.333
352 333.333
352 333.333
353 333.333
353 333.333
353 333.333
354 333.333
354 333.333
354 333.333
355 333.333
355 333.333
355 333.333
356 333.333
356 333.333
356 333.333
357 333.333
357 333.333
357 333.333
357 333.333
357 333.333
357 333.333
358 333.333
358 333.333
358 333.333
359 333.333
359 333.333
359 333.333
359 333.333
359 333.333
359 333.333
359 333.333
360 333.333
360 333.333
360 333.333
361 333.333
361 333.333
361 333.333
362 333.333
362 333.333
362 333.333
363 333.333
363 333.333
363 333.333
364 333.333
364 333.333
364 333.333
364 333.333
364 333.333
364 333.333
364 333.333
365 333.333
365 333.333
365 333.333
366 333.333
366 333.333
366 333.333
367 333.333
367 333.333
367 333.333
368 333.333
368 333.333
368 333.333
369 333.333
369 333.333
369 333.333
370 333.333
370 333.333
370 333.333
370 333.333
370 333.333
370 333.333
371 333.333
371 333.333
371 333.333
371 333.333
371 333.333
372 333.333
372 333.333
372 333.333
372 333.333
373 333.333
373 333.333
373 333.333
373 333.333
374 333.333
374 333.333
374 333.333
375 333.333
375 333.333
375 333.333
376 333.333
376 333.333
376 333.333
377 333.333
377 333.333
377 333.333
377 333.333
377 333.333
378 333.333
378 333.333
378 333.333
379 333.333
379 333.333
379 333.333
380 333.333
380 333.333
380 333.333
381 333.333
381 333.333
381 333.333
382 333.333
382 333.333
382 333.333
383 333.333
383 333.333
383 333.333
383 333.333
384 333.333
384 333.333
384 333.333
385 333.333
385 333.333
385 333.333
385 333.333
386 333.333
386 333.333
386 333.333
387 333.333
387 333.333
387 333.333
388 333.333
388 333.333
388 333.333
389 333.333
389 333.333
389 333.333
390 333.333
390 333.333
390 333.333
391 333.333
391 333.333
391 333.333
392 333.333
392 333.333
392 333.333
393 333.333
393 333.333
393 333.333
394 333.333
394 333.333
394 333.333
395 333.333
395 333.333
395 333.333
396 333.333
396 333.333
396 333.333
397 333.333
397 333.333
397 333.333
398 333.333
398 333.333
399 333.333
399 333.333
399 333.333
400 333.333
400 333.333
400 333.333
401 333.333
401 333.333
401 333.333
402 333.333
402 333.333
402 333.333
403 333.333
403 333.333
403 333.333
404 333.333
404 333.333
404 333.333
405 333.333
405 333.333
405 333.333
405 333.333
406 333.333
406 333.333
406 333.333
407 333.333
407 333.333
407 333.333
407 333.333
407 333.333
407 333.333
408 333.333
408 333.333
408 333.333
409 333.333
409 333.333
409 333.333
410 333.333
410 333.333
410 333.333
411 333.333
411 333.333
411 333.333
412 333.333
412 333.333
412 333.333
412 333.333
413 333.333
413 333.333
413 333.333
413 333.333
413 333.333
413 333.333
414 333.333
414 333.333
414 333.333
415 333.333
415 333.333
415 333.333
415 333.333
416 333.333
416 333.333
416 333.333
416 333.333
417 333.333
417 333.333
417 333.333
418 333.333
418 333.333
418 333.333
418 333.333
418 333.333
419 333.333
419 333.333
419 333.333
419 333.333
420 333.333
420 333.333
420 333.333
421 333.333
421 333.333
421 333.333
421 333.333
422 333.333
422 333.333
422 333.333
422 333.333
423 333.333
423 333.333
423 333.333
424 333.333
424 333.333
424 333.333
425 333.333
425 333.333
425 333.333
425 333.333
426 333.333
426 333.333
426 333.333
426 333.333
427 333.333
427 333.333
427 333.333
427 333.333
428 333.333
428 333.333
428 333.333
428 333.333
429 333.333
429 333.333
429 333.333
430 333.333
430 333.333
430 333.333
430 333.333
431 333.333
431 333.333
431 333.333
431 333.333
432 333.333
432 333.333
432 333.333
433 333.333
433 333.333
433 333.333
433 333.333
434 333.333
434 333.333
434 333.333
435 333.333
435 333.333
435 333.333
435 333.333
436 333.333
436 333.333
436 333.333
437 333.333
437 333.333
437 333.333
437 333.333
437 333.333
437 333.333
437 333.333
438 333.333
438 333.333
438 333.333
438 333.333
439 333.333
439 333.333
439 333.333
439 333.333
440 333.333
440 333.333
440 333.333
440 333.333
441 333.333
441 333.333
441 333.333
441 333.333
441 333.333
441 333.333
442 333.333
442 333.333
442 333.333
442 333.333
443 333.333
443 333.333
443 333.333
443 333.333
443 333.333
443 333.333
443 333.333
443 333.333
444 333.333
444 333.333
444 333.333
444 333.333
445 333.333
445 333.333
445 333.333
446 333.333
446 333.333
446 333.333
446 333.333
446 333.333
446 333.333
446 333.333
446 333.333
446 333.333
446 333.333
446 333.333
446 333.333
446 333.333
447 333.333
447 333.333
447 333.333
447 333.333
447 333.333
447 333.333
447 333.333
447 333.333
448 333.333
448 333.333
448 333.333
448 333.333
449 333.333
449 333.333
449 333.333
449 333.333
450 333.333
450 333.333
450 333.333
450 333.333
451 333.333
451 333.333
451 333.333
451 333.333
451 333.333
451 333.333
452 333.333
452 333.333
452 333.333
452 333.333
452 333.333
452 333.333
452 333.333
453 333.333
453 333.333
453 333.333
453 333.333
453 333.333
453 333.333
454 333.333
454 333.333
454 333.333
454 333.333
454 333.333
454 333.333
455 333.333
455 333.333
455 333.333
456 333.333
456 333.333
456 333.333
456 333.333
456 333.333
456 333.333
456 333.333
456 333.333
456 333.333
457 333.333
457 333.333
457 333.333
457 333.333
458 333.333
458 333.333
458 333.333
458 333.333
459 333.333
459 333.333
459 333.333
459 333.333
459 333.333
459 333.333
459 333.333
460 333.333
460 333.333
460 333.333
460 333.333
460 333.333
461 333.333
461 333.333
461 333.333
461 333.333
462 333.333
462 333.333
462 333.333
462 333.333
462 333.333
463 333.333
463 333.333
463 333.333
463 333.333
463 333.333
463 333.333
464 333.333
464 333.333
464 333.333
464 333.333
465 333.333
465 333.333
465 333.333
466 333.333
466 333.333
466 333.333
466 333.333
467 333.333
467 333.333
467 333.333
468 333.333
468 333.333
468 333.333
468 333.333
468 333.333
468 333.333
468 333.333
468 333.333
468 333.333
468 333.333
469 333.333
469 333.333
469 333.333
469 333.333
469 333.333
470 333.333
470 333.333
470 333.333
470 333.333
470 333.333
471 333.333
471 333.333
471 333.333
471 333.333
472 333.333
472 333.333
472 333.333
472 333.333
472 333.333
472 333.333
472 333.333
472 333.333
472 333.333
472 333.333
473 333.333
473 333.333
473 333.333
473 333.333
473 333.333
474 333.333
474 333.333
474 333.333
474 333.333
475 333.333
475 333.333
475 333.333
475 333.333
475 333.333
475 333.333
475 333.333
476 333.333
476 333.333
476 333.333
476 333.333
476 333.333
476 333.333
476 333.333
476 333.333
476 333.333
476 333.333
476 333.333
476 333.333
476 333.333
477 333.333
477 333.333
477 333.333
477 333.333
478 333.333
478 333.333
478 333.333
478 333.333
478 333.333
478 333.333
479 333.333
479 333.333
479 333.333
479 333.333
479 333.333
480 333.333
480 333.333
480 333.333
480 333.333
480 333.333
480 333.333
480 333.333
480 333.333
480 333.333
480 333.333
481 333.333
481 333.333
481 333.333
481 333.333
482 333.333
482 333.333
482 333.333
482 333.333
483 333.333
483 333.333
483 333.333
483 333.333
483 333.333
483 333.333
484 333.333
484 333.333
484 333.333
484 333.333
484 333.333
485 333.333
485 333.333
485 333.333
485 333.333
486 333.333
486 333.333
486 333.333
486 333.333
487 333.333
487 333.333
487 333.333
487 333.333
488 333.333
488 333.333
488 333.333
488 333.333
488 333.333
488 333.333
488 333.333
489 333.333
489 333.333
489 333.333
489 333.333
489 333.333
490 333.333
490 333.333
490 333.333
490 333.333
490 333.333
490 333.333
490 333.333
490 333.333
490 333.333
491 333.333
491 333.333
491 333.333
491 333.333
491 333.333
492 333.333
492 333.333
492 333.333
492 333.333
493 333.333
493 333.333
493 333.333
493 333.333
494 333.333
494 333.333
494 333.333
494 333.333
495 333.333
495 333.333
495 333.333
495 333.333
496 333.333
496 333.333
496 333.333
496 333.333
497 333.333
497 333.333
497 333.333
497 333.333
497 333.333
497 333.333
497 333.333
498 333.333
498 333.333
498 333.333
498 333.333
499 333.333
499 333.333
499 333.333
499 333.333
500 333.333
500 333.333
500 333.333
500 333.333
501 333.333
501 333.333
501 333.333
